0  163.38208698158
1  144.999865462604
2  136.836785297659
3  127.308258892899
4  115.690759935472
5  101.595956787391
6  86.011890944903
7  69.2201238384229
8  52.9923794965504
9  38.6248564370416
10  27.0917751968651
11  18.9172849378476
12  13.7052269085639
13  10.6851401529788
14  8.96387066289376
15  7.9364776615373
16  7.29173475107621
17  6.84518839915357
18  6.49952573673586
19  6.20226748145118
20  5.94651584617939
21  5.70872842177671
22  5.49883769861937
23  5.31344324146577
24  5.13307286500011
25  4.98393873812411
26  4.82871183283629
27  4.69613040221158
28  4.5586403499088
29  4.42986802650304
30  4.32937568685311
31  4.21405073430858
32  4.10232182811533
33  4.01539437103598
34  3.91763847552174
35  3.82505917113458
36  3.72995066999496
37  3.65109592896853
38  3.56820571676783
39  3.48243266485724
40  3.41345920165029
41  3.3333725196327
42  3.26313027131152
43  3.20047547955779
44  3.12736299628322
45  3.06537768696359
46  3.00061783397106
47  2.9436705736835
48  2.87762472736804
49  2.82534042505714
50  2.76550586403043
51  2.70973665352067
52  2.65325754607008
53  2.60223542088703
54  2.55001709143287
55  2.50386907257784
56  2.45684422968428
57  2.41063265706052
58  2.36317328644094
59  2.31884730137091
60  2.27660942987243
61  2.22898000028041
62  2.18953970180816
63  2.15321292489439
64  2.11406866683342
65  2.07689677675848
66  2.04035069805405
67  2.00741144832478
68  1.97163719821822
69  1.93606479577388
70  1.90110581735743
71  1.87108449802184
72  1.83788263185111
73  1.81035844082242
74  1.78293551697855
75  1.75364076118133
76  1.72399033376913
77  1.69777580337857
78  1.67397884153143
79  1.64828819075311
80  1.62223755034505
81  1.60114004139716
82  1.58072413319739
83  1.55554488910486
84  1.53726608107959
85  1.51236077650129
86  1.49065641588428
87  1.4737535232897
88  1.45702550574192
89  1.43421644747949
90  1.41770200768311
91  1.40255479936942
92  1.3816782760302
93  1.36595994300509
94  1.349452946698
95  1.33131233816664
96  1.32519318643704
97  1.30684423174254
98  1.29386257676943
99  1.27872630899873
100  1.26378161571422
101  1.25556250744686
102  1.24101669187389
103  1.22948106564913
104  1.22061387573856
105  1.20685063012374
106  1.19624694822234
107  1.18523739747957
108  1.17749885192058
109  1.16325381895496
110  1.15432220781594
111  1.14679985978049
112  1.13356595264159
113  1.13027697235955
114  1.12182332908478
115  1.11149087583478
116  1.10698796642847
117  1.09814526940624
118  1.09193065207253
119  1.08509139156736
120  1.07442709543396
121  1.06695465340004
122  1.05840924570205
123  1.0563014417142
124  1.04713826766493
125  1.04639314431246
126  1.0405332219496
127  1.03479137318643
128  1.02920469792671
129  1.02441055500877
130  1.01751978128605
131  1.01456124652329
132  1.00754913952267
133  1.0038818949328
134  0.997331850372297
135  0.996897277675744
136  0.992533788729979
137  0.984783293667552
138  0.983748447519075
139  0.98052199435687
140  0.976358136108798
141  0.971124917253581
142  0.967389406612502
143  0.963342960230018
144  0.96210272633412
145  0.95724249649394
146  0.955596197363595
147  0.952374092468018
148  0.948140980126647
149  0.946714891417848
150  0.941300819859828
151  0.939057532377261
152  0.939257651444053
153  0.938267836312024
154  0.932214805961815
155  0.927534276853745
156  0.929931607348002
157  0.926346229713003
158  0.922573614188656
159  0.920772287548617
160  0.917455791690989
161  0.915517010577215
162  0.916980435362792
163  0.913062295998432
164  0.908060643535058
165  0.912110869563649
166  0.907630452211015
167  0.9051548869918
168  0.902314926715657
169  0.902953735047487
170  0.90066326553874
171  0.899156536585692
172  0.899383410931763
173  0.894751136841997
174  0.893060600836175
175  0.892682573047992
176  0.89337213189784
177  0.889531445732847
178  0.885576234797636
179  0.888085621059892
180  0.884695455643677
181  0.883554161741723
182  0.877749252736597
183  0.878731233143133
184  0.879260112271528
185  0.879246646205531
186  0.875565978433298
187  0.877406546094682
188  0.873426784094728
189  0.872823490891568
190  0.874948282201827
191  0.8713598529434
192  0.870221193988373
193  0.867779838278314
194  0.865609067896358
195  0.862117487472807
196  0.866415083185911
197  0.86621724674316
198  0.863522500922091
199  0.860216989361386
200  0.858671845176165
201  0.858602572542501
202  0.858120818613657
203  0.861855287033495
204  0.856269012361439
205  0.856231648540886
206  0.855292554208598
207  0.852824861745803
208  0.85157543549241
209  0.850440809276026
210  0.847710480201255
211  0.846674126059397
212  0.849153758470529
213  0.845189851884268
214  0.848443008872674
215  0.846783627989609
216  0.842174911093752
217  0.846894032421994
218  0.844219932753325
219  0.842506107075834
220  0.84368142225409
221  0.839807463685449
222  0.839513391973911
223  0.840564380190744
224  0.83423764200562
225  0.837313880422769
226  0.838017204499995
227  0.837733372327514
228  0.83488371186174
229  0.836594472343359
230  0.833548141314908
231  0.832881789157764
232  0.833886252968774
233  0.829358452894605
234  0.832625335934164
235  0.828186753276313
236  0.828418815052569
237  0.826553245713229
238  0.828961499621156
239  0.827383796941831
240  0.827256517750566
241  0.824124727792913
242  0.82724520842782
243  0.826329441977415
244  0.824354098807797
245  0.821656802879693
246  0.821510653788249
247  0.823385180684332
248  0.817926413347276
249  0.820423453962108
250  0.81815399097078
251  0.81846068631729
252  0.818665265019493
253  0.817753843697558
254  0.814116929352867
255  0.813063412064073
256  0.810997411678288
257  0.814816487829925
258  0.813851738781219
259  0.812808039565296
260  0.811777731738243
261  0.805464251641779
262  0.814155024260085
263  0.812356293387684
264  0.810679435451181
265  0.810973845212309
266  0.807137493243975
267  0.807095101415036
268  0.808906889521081
269  0.802379370659575
270  0.809365339497201
271  0.806355246837691
272  0.807446778241177
273  0.806637394665579
274  0.803620466820668
275  0.804610886972914
276  0.802290969950462
277  0.800205978797419
278  0.799847133291716
279  0.801584661144309
280  0.800098481372019
281  0.800992559071658
282  0.798329341225
283  0.798077327536287
284  0.800101560342454
285  0.795487980672662
286  0.796884914624077
287  0.793185756895058
288  0.794836219679029
289  0.792802091424919
290  0.793678548042125
291  0.79650768223539
292  0.79287933627196
293  0.791143738007482
294  0.793539692922412
295  0.790980746779854
296  0.789754104028799
297  0.78958217683853
298  0.790725888285688
299  0.788467002803423
300  0.785697187920769
301  0.786143072154004
302  0.787854544282169
303  0.785002294258198
304  0.788099849155994
305  0.784481891781115
306  0.782880485884153
307  0.787695809882747
308  0.784463408652449
309  0.782755571657289
310  0.782464031538561
311  0.782140896828578
312  0.781842833653251
313  0.780700179795067
314  0.783149880647406
315  0.773124188462884
316  0.784946913585509
317  0.778707984592336
318  0.778292636665295
319  0.780391863190117
320  0.778974725317914
321  0.780470861328372
322  0.776428694079006
323  0.777551379980306
324  0.778127275929748
325  0.776157305724485
326  0.775348835134355
327  0.775903306345222
328  0.773522942498222
329  0.772703292198497
330  0.774299638844495
331  0.772016290363731
332  0.774208557677064
333  0.770515312596835
334  0.77073485230757
335  0.77080749185208
336  0.7713984317915
337  0.769691174836132
338  0.765465257552154
339  0.771490050483582
340  0.767561680516395
341  0.768069849613709
342  0.767061155372397
343  0.768275226598796
344  0.767339910032141
345  0.765963571621146
346  0.761432751833743
347  0.761100633681744
348  0.763553802452745
349  0.764019536893835
350  0.765820064417385
351  0.759291278432473
352  0.762014026679897
353  0.758578205047173
354  0.759518071120453
355  0.761140047281115
356  0.760804594619484
357  0.758624250736696
358  0.76061636555043
359  0.759273340607544
360  0.758257057430205
361  0.760793334031384
362  0.755442890039684
363  0.757446460456543
364  0.756409442945206
365  0.757948580054996
366  0.756938276956517
367  0.759070426408688
368  0.754161671393582
369  0.753334923511049
370  0.756056206145869
371  0.754069390652144
372  0.753464364039991
373  0.754042841678188
374  0.753850619092088
375  0.752298016273842
376  0.751339751553516
377  0.753410913614267
378  0.748875022506586
379  0.750153214986338
380  0.747673667090173
381  0.748945521970622
382  0.749994850496752
383  0.750275804813958
384  0.748449321340152
385  0.748316019830451
386  0.748085879336307
387  0.746057641943505
388  0.746464883999739
389  0.74698612412843
390  0.745679580521385
391  0.74489382431147
392  0.745078739958176
393  0.742495519358332
394  0.746796023112221
395  0.74463555369533
396  0.745600912650406
397  0.744117174456088
398  0.744464053782588
399  0.743300069679594
400  0.743255620143126
401  0.741983764403882
402  0.740484783736853
403  0.74347919634863
404  0.741678199821759
405  0.739313849220986
406  0.73859353222479
407  0.735051679565753
408  0.738395715918759
409  0.739527427269736
410  0.738684781913722
411  0.739187357332892
412  0.736995042070607
413  0.740166515469946
414  0.736685424633337
415  0.738341972730743
416  0.73872101822081
417  0.736235263718077
418  0.734245397976408
419  0.734313129559841
420  0.731957740662624
421  0.736343776799481
422  0.734166822180949
423  0.73147513230018
424  0.731436375701153
425  0.732886501310783
426  0.736078505677735
427  0.731499260200462
428  0.734030197789941
429  0.731996224304437
430  0.730297823015673
431  0.731573091318395
432  0.730612149725681
433  0.728853760423428
434  0.728426489310486
435  0.728602023972353
436  0.730260343283956
437  0.724954950368179
438  0.729993885155678
439  0.726614270855899
440  0.729227613944655
441  0.727135029381631
442  0.726072815455218
443  0.724142905422855
444  0.725879652951786
445  0.728619307905258
446  0.726661273678231
447  0.726488569591174
448  0.720577185704895
449  0.72365808132548
450  0.721761161785641
451  0.725554858275709
452  0.723071680934371
453  0.7237276422711
454  0.721083750159917
455  0.722836706987131
456  0.72148893418032
457  0.722467667706051
458  0.720056251481466
459  0.721454983381041
460  0.720703935969049
461  0.721104669678765
462  0.721698269919138
463  0.720983613119625
464  0.720125834981411
465  0.72050507798929
466  0.717185424321434
467  0.717621513583909
468  0.718456345338755
469  0.718144986603074
470  0.716729346614552
471  0.717307784469945
472  0.71784096614595
473  0.717388731526189
474  0.716087093332722
475  0.716782433357704
476  0.719209591285127
477  0.715493071826221
478  0.715981306025274
479  0.714237238098277
480  0.714481828802409
481  0.715757244122892
482  0.714014361905092
483  0.71223663375251
484  0.713696844478014
485  0.713945647978352
486  0.712282259701543
487  0.714658371365535
488  0.709501505729293
489  0.713966630686837
490  0.713548078721213
491  0.707143946567992
492  0.705413715311584
493  0.71165757976491
494  0.710471591632545
495  0.70916241635462
496  0.710849106944967
497  0.709462309901228
498  0.708501345301096
499  0.71322407899864
